750
1
28
120
235
519
20 27
162 169
974 979
51 88
401 402
313
330 345
125
951
570
241
143 218
586 589
275
984 6
475 481
341 344
150 153
372 392
287
113
522 524
504
166
434 437
5
652
645
35
572 583
588
273 290
997
109
820
661 795
103
286
78
442
108 118
947 953
622 624
46 55
513 617
615 619
450
81
674 701
23
567
596
171 226
105 114
31 44
755
184
438 447
677
144 147
744 837
38
714 735
270 304
394 410
620 670
841 853
521 553
91 94
847 861
915 937
894 995
518 525
8 15
159
370
478 492
644
309
536
34
470 511
375 465
289 339
245
148
411
96 102
320
408 409
765 800
87
211
18 124
849
627
723
499
532
149
546
181
22
775
441
371 388
368 383
327 376
225
179
194
467
139
508
210
406
446
19
721 796
689 695
255
247
262 263
155 195
50
183 204
703 716
130 137
451
745
480
220
355 373
815
133 231
758 769
612 625
801 825
774 810
697 705
543 581
197
66 82
374
182 188
200 243
833 835
802
228
443 490
89
266 288
813 817
129 134
866 879
482 537
952 973
436
196
818 834
462
707
808 858
991 993
424 452
422 444
39
342
384 432
251
256 386
665 686
726 770
352
761
24
260
92
514
222
869
977 12
242 249
413 415
740 751
597
11
832 912
803
312
259 285
67 101
885 929
217
127
494 544
407 414
416
332
387
138 236
797 814
889
201
121
469 471
9
60
840 846
939
526
156 157
10 26
329
90
314
49 52
605
964
48
960 982
654
460
784
898 904
279
145
768
337 343
70
98
140
457
267
692
187
550
72 99
272
573 609
216
160 163
468
202
728
928 961
306 322
713
604
663
856 873
25
602
93 115
73
743
364
473
360
684 711
116 128
729
746
106
283
637 660
458 461
899
111
423
756
389
789 816
671
328
393
300
754
59 71
112
715 753
688
258
107
13
606
230
497
881 932
786
838 876
510 607
662 675
367
302
472
261
924
219
278
189
724
887
559
477
280 331
831
496 523
799
167
4
516
265
823
844
63
505
176
614
7
963
779
839
178
891 903
930 949
956 988
557
509
358
233
454 455
165 173
346
193
994
459 474
122
43
14
45
760 794
229
576
3
47 65
83
860
21
203
40 80
316
736
301
488
244 252
435
268
170
41
349
528 534
100
74
154
483
234 250
36 61
405 426
30 32
325
638
706
836
277
254
710 759
590 595
867
520
365 382
530
940 941
311
132
594
919 927
428 464
569
515
164
463
727
613
62
0 37
965 996
199 227
738
635 659
433
198 238
319
333
430
507
297 321
77
336 350
897 910
992
356
334
506
303
282
348
439
923
323
135
16
208
852
878
829
42
276
186
946 968
629
626
893
347
907
725
29
676 698
648
292
650
110
293
563 579
296
479
616
75
338 353
913
806 824
305
805 857
484 487
224 246
962
538
214 215
209
777
582 585
704
174
212
315
136
17
877
396
503 517
294
623
397
950
908
391
56
281
269 335
608 630
146 151
855
577 580
664 681
381
848
284
340
778
361
643 653
324 363
547 566
369
920 943
739
213
232
317
299
934 990
782 788
429
326
500
647
561
192
533
737 763
592
377
731 781
959
421
141
404
307 318
599 601
718
598 600
354
539
310 399
551
493
826
33
632 636
142
362
425
828 868
85 119
812
351
357
191 237
380
687
379
679
819
239
485
921
809
205
76 95
862 872
804
669
865
902 916
771
560
177
298
502
830
417 419
708
886
420
957 958
851
843
240
453
702
888
548 552
53 54
378
575
970
456
554
611
741
649
489
549
412
584
495 501
742
431
712
845
610
168 172
896
936
678
747
666 668
880
922
540
555
541
942
491
131 158
531
787
658
967 2
972
699 749
900
418 427
785
248 257
631 633
685 700
655
776
926
564 568
722
978
641
773 793
152 180
593
400
274
574
807
440
719
640
821
646
628 709
975
766
874
717 720
811
890
850
161 206
854
565
732
651 657
529 545
757
883 884
591
556
733
667
682
448
914
308
730
981 64
672
906
680
642
863
693
621
656
987
486
97 104
691
870
875
935
694
925
938
998
398 403
562 571
223 271
639
986
792
859
772
911 918
603 696
764
955
780
359 366
864
827
971
931
750 783
512 558
917
976
690
790
842
954
68 69
123 126
734
527 542
767
445 449
673 683
933
791
385 390
57 58
264 291
905
79 84
748
798 892
895
944
221 253
969
618 634
945 980
86 117
295 395
966
983
822
175 185
466 476
578 587
752 762
948
989
498 535
871 882
901 909
190 207
985 999
